;1007.0;4;26.0;21.0;74;15.81;215;6;298.6;344.8;301.4
;1000.0;68;23.6;18.7;74;13.76;195;8;296.8;336.7;299.2
;999.0;77;23.2;18.3;74;13.43;195;8;296.4;335.4;298.8
;955.0;468;20.2;16.0;77;12.10;180;10;297.2;332.5;299.4
;935.0;651;18.8;14.9;78;11.52;190;11;297.6;331.2;299.7
;925.0;744;18.4;14.5;78;11.34;195;12;298.1;331.3;300.1
;909.0;894;18.0;14.1;78;11.25;200;13;299.2;332.3;301.2
;890.0;1074;16.8;11.4;71;9.61;205;14;299.8;328.2;301.5
;869.0;1278;15.4;8.4;63;8.02;205;16;300.4;324.3;301.8
;850.0;1465;14.0;8.0;67;7.98;205;17;300.8;324.7;302.2
;775.0;2236;7.6;6.5;93;7.89;190;23;302.0;325.7;303.4
;753.0;2473;5.9;3.1;82;6.37;185;25;302.6;321.9;303.8
;747.0;2539;5.4;2.1;79;6.00;185;25;302.8;321.1;303.9
;742.0;2594;5.0;4.0;93;6.92;185;25;302.9;323.9;304.2
;715.0;2896;2.6;1.4;92;5.96;185;24;303.5;321.7;304.6
;700.0;3067;1.8;-0.8;83;5.18;185;23;304.4;320.5;305.4
;685.0;3242;0.4;-4.2;71;4.11;183;24;304.8;317.6;305.5
;648.0;3686;-2.1;-3.5;90;4.58;178;26;306.8;321.2;307.7
;629.0;3922;-3.5;-7.1;76;3.59;175;27;307.8;319.3;308.5
;619.0;4049;-4.1;-11.1;58;2.66;174;28;308.6;317.2;309.1
;615.0;4100;-4.3;-17.3;36;1.61;173;28;308.9;314.3;309.2
;605.0;4229;-5.3;-19.3;32;1.38;172;28;309.2;313.9;309.5
;601.0;4281;-5.5;-15.5;45;1.91;171;29;309.6;315.9;309.9
;592.0;4400;-6.1;-19.1;35;1.43;170;29;310.2;315.1;310.5
;552.0;4943;-10.5;-21.5;40;1.25;174;28;311.2;315.5;311.5
;543.0;5070;-10.9;-19.9;47;1.46;175;28;312.2;317.2;312.5
;528.0;5285;-12.1;-24.1;36;1.04;177;28;313.3;316.9;313.5
;524.0;5343;-12.3;-15.7;76;2.16;177;28;313.8;321.0;314.2
;511.0;5535;-13.7;-16.1;82;2.14;179;27;314.3;321.5;314.7
;504.0;5639;-13.9;-20.9;55;1.44;180;27;315.3;320.3;315.6
;500.0;5700;-14.3;-18.6;70;1.77;180;27;315.5;321.6;315.9
;494.0;5792;-14.7;-18.2;75;1.86;181;27;316.1;322.5;316.5
;485.0;5931;-15.1;-19.7;68;1.66;183;27;317.3;323.1;317.6
;471.0;6152;-16.5;-22.5;60;1.34;185;27;318.2;322.9;318.5
;461.0;6314;-17.9;-21.7;72;1.47;187;27;318.5;323.6;318.7
;421.0;6984;-23.0;-27.0;70;1.00;195;27;320.3;323.9;320.5
;407.0;7234;-24.9;-29.0;69;0.86;192;27;320.9;324.1;321.1
;404.0;7288;-25.3;-31.3;57;0.70;191;27;321.1;323.7;321.2
;401.0;7342;-25.7;-40.7;23;0.27;190;27;321.3;322.3;321.3
;400.0;7360;-25.9;-40.9;23;0.27;190;27;321.2;322.3;321.3
;388.0;7580;-27.3;-49.3;10;0.11;189;26;322.2;322.7;322.2
;367.0;7978;-30.7;-43.7;27;0.22;189;24;322.9;323.7;322.9
;362.0;8076;-30.9;-44.9;24;0.19;188;24;323.9;324.6;323.9
;354.0;8234;-32.3;-39.3;50;0.36;188;23;324.0;325.4;324.1
;345.0;8415;-33.7;-38.7;61;0.39;187;22;324.5;326.1;324.6
;318.0;8982;-38.1;-47.1;38;0.17;186;19;326.1;326.8;326.1
;300.0;9380;-41.7;-49.7;41;0.14;185;17;326.5;327.0;326.5
;297.0;9448;-42.3;-49.3;46;0.14;185;17;326.6;327.2;326.6
;294.0;9515;-42.9;-50.1;45;0.13;185;17;326.7;327.3;326.7
;257.0;10402;-50.3;-61.3;26;0.04;177;24;328.6;328.7;328.6
;250.0;10580;-52.1;-63.1;25;0.03;175;25;328.5;328.6;328.5
;242.0;10789;-54.1;-64.1;28;0.03;171;24;328.6;328.7;328.6
;231.0;11082;-56.0;-65.8;28;0.02;165;23;330.1;330.2;330.1
;200.0;11990;-61.9;-70.9;29;0.01;205;27;334.6;334.6;334.6
;197.0;12083;-62.5;-71.2;30;0.01;205;25;335.0;335.1;335.0
;184.0;12501;-65.4;-72.8;35;0.01;200;19;337.0;337.1;337.0
;180.0;12635;-66.3;-73.3;37;0.01;190;19;337.6;337.7;337.6
;169.0;13026;-61.8;-73.9;19;0.01;170;23;351.2;351.2;351.2
;159.0;13403;-57.5;-74.5;10;0.01;191;27;364.7;364.7;364.7
;153.0;13645;-58.4;-76.7;8;0.01;205;29;367.1;367.2;367.1
;150.0;13770;-58.9;-77.9;7;0.01;205;27;368.4;368.4;368.4
;139.0;14255;-58.5;-78.0;6;0.01;205;19;377.2;377.3;377.2
;127.0;14829;-58.0;-78.2;6;0.01;170;12;388.0;388.1;388.0
;114.0;15516;-57.4;-78.5;5;0.01;160;12;401.3;401.3;401.3
;101.0;16286;-56.7;-78.7;5;0.01;195;8;416.7;416.8;416.7
;100.0;16350;-56.3;-78.3;5;0.01;195;8;418.7;418.7;418.7
;70.0;18620;-55.5;-77.5;5;0.01;155;6;465.3;465.4;465.3
;68.0;18806;-55.3;-77.4;5;0.01;140;4;469.5;469.6;469.5
;62.0;19399;-54.8;-77.1;5;0.02;85;8;483.3;483.4;483.3
;57.0;19939;-54.3;-76.9;5;0.02;130;12;496.2;496.3;496.2
;50.0;20780;-53.5;-76.5;4;0.02;160;8;517.0;517.1;517.0
;44.0;21608;-52.4;-75.4;5;0.03;220;2;538.8;539.0;538.8
;40.0;22225;-51.6;-74.7;5;0.04;20;8;555.6;556.0;555.6
;35.7;22962;-50.7;-73.7;5;0.05;104;13;576.4;576.9;576.5
;34.0;23278;-51.3;-74.3;5;0.05;140;16;582.9;583.3;582.9
;32.0;23672;-52.1;-75.1;5;0.04;140;12;591.0;591.3;591.0
;30.6;23962;-52.7;-75.7;5;0.04;91;10;597.0;597.4;597.0
;30.0;24090;-51.7;-74.7;5;0.05;70;10;603.1;603.5;603.1
;26.0;25030;-48.7;-72.2;5;0.09;100;14;636.8;637.6;636.9
;23.0;25835;-46.1;-70.0;5;0.13;60;14;667.2;668.4;667.2