;1010.0;4;18.6;15.5;82;11.08;70;4;290.9;322.4;292.9
;1000.0;85;19.0;14.3;74;10.34;55;16;292.1;321.7;294.0
;997.0;111;19.2;14.3;73;10.38;50;16;292.6;322.3;294.4
;993.0;146;20.4;14.4;68;10.49;52;15;294.1;324.4;296.0
;988.0;189;20.6;13.6;64;10.00;56;15;294.8;323.7;296.5
;978.0;277;20.2;13.2;64;9.84;62;14;295.2;323.8;297.0
;950.0;529;21.0;12.0;56;9.35;79;10;298.5;326.1;300.2
;926.0;750;19.1;11.0;60;9.00;95;8;298.7;325.3;300.3
;925.0;759;19.0;11.0;60;8.98;100;8;298.7;325.3;300.4
;920.0;805;18.6;10.8;60;8.91;115;6;298.8;325.1;300.4
;901.0;984;17.0;10.0;63;8.62;146;10;298.9;324.5;300.5
;893.0;1061;17.0;9.0;59;8.13;159;12;299.7;323.9;301.1
;884.0;1147;16.8;10.8;68;9.28;173;14;300.4;327.9;302.0
;877.0;1215;16.4;10.8;70;9.38;185;16;300.6;328.5;302.3
;854.0;1441;14.9;11.0;78;9.73;175;23;301.3;330.3;303.1
;850.0;1481;14.6;11.0;79;9.79;175;23;301.4;330.6;303.2
;828.0;1702;13.1;11.3;89;10.25;190;23;302.1;332.7;304.0
;812.0;1867;12.0;11.5;97;10.60;181;22;302.6;334.3;304.6
;794.0;2054;10.7;10.3;98;10.04;170;19;303.2;333.3;305.0
;757.0;2452;8.0;7.9;99;8.91;166;28;304.4;331.4;306.1
;748.0;2550;5.6;3.3;85;6.53;165;30;302.9;322.7;304.1
;745.0;2583;5.8;2.6;80;6.25;165;31;303.5;322.6;304.6
;736.0;2683;6.6;0.6;66;5.46;168;31;305.4;322.3;306.4
;705.0;3035;4.2;-1.8;65;4.78;178;31;306.5;321.4;307.4
;700.0;3093;3.8;-2.2;65;4.67;180;31;306.7;321.3;307.5
;626.0;3988;-4.5;-5.5;93;4.08;197;38;307.1;320.0;307.9
;596.0;4372;-7.1;-7.8;95;3.58;205;41;308.4;319.8;309.1
;579.0;4598;-8.7;-9.2;96;3.31;206;43;309.1;319.8;309.8
;543.0;5093;-11.7;-15.2;75;2.17;209;47;311.3;318.5;311.7
;526.0;5335;-13.5;-16.6;77;2.00;210;49;312.0;318.7;312.4
;522.0;5394;-13.9;-16.9;78;1.96;210;48;312.2;318.7;312.5
;519.0;5437;-13.7;-17.5;73;1.87;210;48;312.9;319.2;313.3
;508.0;5600;-14.5;-26.5;35;0.87;210;46;313.9;316.9;314.0
;500.0;5720;-15.5;-26.5;38;0.88;210;45;314.1;317.2;314.2
;497.0;5766;-15.9;-26.9;38;0.86;210;44;314.1;317.2;314.3
;483.0;5981;-17.5;-22.3;66;1.33;210;43;314.7;319.4;315.0
;469.0;6201;-18.7;-27.7;45;0.84;210;42;315.9;318.9;316.1
;468.0;6217;-18.7;-34.7;23;0.43;210;42;316.1;317.7;316.2
;467.0;6233;-18.7;-33.7;25;0.48;210;42;316.3;318.1;316.4
;458.0;6378;-20.1;-31.1;37;0.63;210;42;316.3;318.6;316.4
;430.0;6843;-23.7;-37.7;26;0.35;210;39;317.5;318.8;317.5
;405.0;7280;-25.9;-52.9;6;0.07;210;37;320.1;320.4;320.1
;400.0;7370;-26.7;-52.7;7;0.07;210;37;320.2;320.5;320.2
;331.0;8699;-37.8;-59.3;9;0.04;205;39;322.8;322.9;322.8
;325.0;8827;-38.9;-59.9;9;0.04;208;37;322.9;323.1;323.0
;308.0;9192;-41.3;-64.3;7;0.02;216;32;324.6;324.7;324.6
;300.0;9370;-42.7;-64.7;7;0.02;220;29;325.1;325.2;325.1
;291.0;9575;-44.5;-64.9;8;0.02;215;27;325.4;325.5;325.4
;283.0;9763;-46.1;-65.1;10;0.02;222;29;325.6;325.8;325.7
;274.0;9978;-47.3;-53.3;50;0.10;230;32;326.9;327.4;327.0
;269.0;10099;-48.4;-54.1;52;0.09;235;33;327.0;327.4;327.0
;250.0;10580;-52.9;-57.1;60;0.07;230;37;327.3;327.6;327.3
;239.0;10869;-55.5;-59.2;63;0.05;227;38;327.6;327.9;327.6
;216.0;11506;-61.1;-65.5;56;0.03;220;41;328.5;328.7;328.6
;200.0;11980;-64.5;-68.8;55;0.02;215;43;330.5;330.6;330.5
;184.0;12485;-66.9;-70.8;58;0.01;205;49;334.5;334.6;334.5
;182.0;12551;-65.1;-68.9;59;0.02;205;51;338.5;338.6;338.5
;175.0;12793;-58.7;-72.7;15;0.01;235;39;352.9;352.9;352.9
;167.0;13087;-58.3;-80.3;4;0.00;240;34;358.3;358.3;358.3
;161.0;13315;-59.9;-82.9;3;0.00;244;30;359.3;359.4;359.3
;153.0;13636;-57.2;-83.8;2;0.00;250;25;369.3;369.3;369.3
;150.0;13760;-56.1;-84.1;2;0.00;245;21;373.2;373.2;373.2
;143.0;14064;-55.7;-85.2;1;0.00;215;14;379.0;379.0;379.0
;134.0;14479;-55.2;-86.8;1;0.00;230;23;387.0;387.0;387.0
;132.0;14574;-55.1;-87.1;1;0.00;240;24;388.9;388.9;388.9
;129.0;14721;-55.2;-87.2;1;0.00;255;25;391.2;391.2;391.2
;127.0;14821;-55.3;-87.3;1;0.00;250;27;392.8;392.9;392.8
;125.0;14923;-52.8;-85.4;1;0.00;245;29;399.2;399.2;399.2
;124.0;14975;-51.5;-84.5;1;0.00;251;28;402.4;402.4;402.4
;119.0;15239;-52.9;-85.6;1;0.00;280;23;404.6;404.7;404.6
;114.0;15514;-54.3;-86.8;1;0.00;270;25;406.9;407.0;406.9
;106.0;15980;-56.8;-88.8;1;0.00;280;21;410.9;410.9;410.9
;105.0;16041;-57.1;-89.1;1;0.00;280;19;411.4;411.4;411.4
;100.0;16350;-56.5;-88.5;1;0.00;245;17;418.3;418.3;418.3
;93.0;16812;-54.1;-87.1;1;0.00;248;22;431.8;431.8;431.8
;87.0;17236;-54.7;-87.5;1;0.00;250;25;438.9;438.9;438.9
;84.0;17460;-55.0;-87.7;1;0.00;275;17;442.6;442.6;442.6
;78.0;17931;-55.7;-88.1;1;0.00;260;19;450.7;450.7;450.7
;72.0;18441;-56.4;-88.5;1;0.00;0;4;459.6;459.6;459.6
;70.0;18620;-56.7;-88.7;1;0.00;315;8;462.7;462.8;462.7
;67.0;18897;-57.1;-88.9;1;0.00;295;12;467.7;467.7;467.7
;66.0;18992;-57.2;-89.0;1;0.00;300;12;469.4;469.4;469.4
;65.0;19089;-57.4;-89.0;1;0.00;275;12;471.1;471.1;471.1
;61.0;19491;-58.0;-89.3;1;0.00;320;23;478.4;478.4;478.4
;58.0;19810;-58.5;-89.6;1;0.00;350;16;484.3;484.3;484.3
;56.6;19964;-58.7;-89.7;1;0.00;336;10;487.1;487.2;487.1
;56.0;20032;-58.5;-89.5;1;0.00;330;8;489.2;489.2;489.2
;55.0;20146;-58.0;-89.3;1;0.00;285;12;492.6;492.7;492.6
;53.0;20381;-57.2;-88.8;1;0.00;325;17;499.8;499.8;499.8
;51.0;20624;-56.4;-88.2;1;0.00;315;12;507.4;507.4;507.4
;50.0;20750;-55.9;-87.9;1;0.00;335;14;511.3;511.3;511.3
;47.0;21143;-55.8;-87.8;1;0.00;20;6;520.8;520.8;520.8
;43.0;21708;-55.6;-87.6;1;0.00;340;14;534.6;534.6;534.6
;42.0;21858;-55.5;-87.5;1;0.00;0;10;538.4;538.4;538.4
;40.0;22168;-55.4;-87.4;1;0.00;10;12;546.2;546.2;546.2
;39.0;22329;-55.4;-87.4;1;0.00;25;10;550.3;550.3;550.3
;38.0;22494;-55.3;-87.3;1;0.01;10;10;554.5;554.6;554.5
;37.8;22528;-55.3;-87.3;1;0.01;17;9;555.4;555.4;555.4
;35.4;22943;-57.3;-89.3;1;0.00;100;5;560.7;560.7;560.7
;35.0;23015;-57.2;-89.2;1;0.00;115;4;562.8;562.8;562.8
;30.0;23990;-55.9;-87.9;1;0.01;350;6;591.6;591.7;591.7
;27.0;24661;-56.1;-88.2;1;0.01;75;8;609.0;609.1;609.0
;25.4;25051;-56.3;-88.3;1;0.01;51;6;619.3;619.4;619.3
;25.0;25153;-56.0;-88.0;1;0.01;45;6;623.1;623.2;623.1
;24.0;25416;-55.1;-87.3;1;0.01;40;16;632.9;633.0;632.9
;23.0;25690;-54.2;-86.6;1;0.01;15;14;643.2;643.3;643.2
;21.0;26276;-52.3;-85.1;1;0.01;35;10;665.9;666.1;665.9
;20.0;26590;-51.3;-84.3;1;0.02;25;19;678.4;678.6;678.4
;19.0;26924;-50.2;-83.9;1;0.02;50;14;691.9;692.1;691.9
;18.6;27063;-49.7;-83.7;1;0.02;697.6;697.8;697.6
;18.5;27098;-49.9;-83.9;1;0.02;698.0;698.2;698.1