;992.0;153;20.2;17.4;84;12.76;240;10;294.0;330.6;296.3
;988.0;187;19.9;17.2;85;12.69;225;12;294.1;330.5;296.3
;958.0;447;17.5;16.1;91;12.13;235;33;294.3;329.1;296.4
;944.0;572;16.4;15.5;94;11.86;241;35;294.4;328.5;296.4
;925.0;742;15.4;14.6;95;11.42;250;39;295.1;328.0;297.1
;861.0;1347;12.0;10.9;93;9.63;270;41;297.6;325.9;299.3
;850.0;1456;11.4;10.3;93;9.33;270;39;298.1;325.5;299.8
;831.0;1645;10.0;10.0;100;9.36;270;41;298.5;326.1;300.2
;801.0;1951;8.4;7.6;95;8.24;270;44;300.0;324.5;301.5
;760.0;2384;6.6;;;7.10;270;49;302.6;322.9;303.8
;750.0;2493;6.2;;;6.85;270;48;303.3;322.6;304.4
;737.0;2637;5.1;;;6.54;270;46;305.0;323.2;306.1
;700.0;3058;2.9;;;6.10;270;43;306.2;322.5;307.2
;683.0;3256;1.9;;;5.68;265;43;306.7;322.6;307.7
;664.0;3484;0.2;;;5.13;265;44;307.3;322.7;308.2
;553.0;4932;-7.3;-8.6;90;3.63;265;56;314.9;326.8;315.6
;500.0;5710;-12.1;-13.8;87;2.65;265;62;318.2;327.2;318.7
;403.0;7325;-22.1;-26.6;67;1.08;260;68;325.5;329.4;325.7
;400.0;7380;-22.5;-26.9;67;1.06;260;68;325.7;329.5;325.9
;393.0;7510;-23.3;-27.6;68;1.01;260;69;326.3;330.0;326.5
;344.0;8471;-30.9;-34.9;68;0.58;260;75;328.6;330.8;328.7
;314.0;9113;-35.1;-40.0;61;0.38;260;79;331.4;332.9;331.5
;300.0;9430;-37.9;-43.9;53;0.26;260;82;331.8;332.9;331.9
;250.0;10660;-48.5;-55.5;44;0.08;255;87;333.8;334.2;333.9
;245.0;10792;-49.7;-57.5;39;0.07;255;89;334.0;334.3;334.0
;244.0;10819;-49.9;-57.9;38;0.06;255;89;334.1;334.3;334.1
;208.0;11843;-56.3;-66.3;27;0.02;259;85;339.6;339.7;339.6
;200.0;12090;-57.9;-66.9;31;0.02;260;84;340.9;341.0;340.9
;188.0;12479;-60.1;-67.1;39;0.02;255;89;343.4;343.6;343.5
;187.0;12512;-59.8;-67.6;36;0.02;255;91;344.5;344.6;344.5
;179.0;12787;-57.3;-71.3;15;0.01;258;83;352.9;352.9;352.9
;177.0;12859;-54.9;-73.9;8;0.01;259;80;357.9;358.0;357.9
;173.0;13005;-54.4;-79.3;3;0.00;260;76;361.2;361.2;361.2
;171.0;13080;-54.1;-82.1;2;0.00;261;79;362.8;362.8;362.8
;164.0;13348;-54.4;-83.7;2;0.00;265;89;366.6;366.6;366.6
;150.0;13920;-55.1;-87.1;1;0.00;270;58;374.9;374.9;374.9
;146.0;14092;-55.4;-87.4;1;0.00;265;54;377.3;377.3;377.3
;125.0;15078;-57.3;-89.3;1;0.00;260;60;391.0;391.0;391.0
;123.0;15180;-57.5;-89.5;1;0.00;259;58;392.4;392.4;392.4
;112.0;15776;-54.3;-87.3;1;0.00;256;47;409.1;409.1;409.1
;110.0;15891;-54.5;-87.4;1;0.00;255;45;410.8;410.8;410.8
;100.0;16500;-55.7;-87.7;1;0.00;265;51;419.8;419.8;419.8
;88.2;17305;-53.3;-86.3;1;0.00;290;30;440.0;440.0;440.0
;88.0;17319;-53.4;-86.3;1;0.00;290;29;440.1;440.2;440.1
;85.0;17542;-54.2;-86.7;1;0.00;265;21;442.8;442.8;442.8
;81.9;17780;-55.1;-87.1;1;0.00;246;29;445.7;445.7;445.7
;81.0;17851;-54.8;-86.9;1;0.00;240;31;447.8;447.9;447.8
;78.0;18094;-53.6;-86.2;1;0.00;260;29;455.1;455.2;455.1
;75.9;18269;-52.7;-85.7;1;0.00;255;33;460.5;460.5;460.5
;74.0;18432;-53.1;-86.1;1;0.00;250;37;462.9;463.0;462.9
;70.0;18790;-54.1;-87.1;1;0.00;250;29;468.3;468.3;468.3
;69.0;18882;-54.5;-87.1;1;0.00;245;27;469.2;469.3;469.2
;67.8;18994;-55.1;-87.1;1;0.00;257;30;470.4;470.4;470.4
;66.0;19167;-54.8;-86.9;1;0.00;275;35;474.7;474.7;474.7
;63.0;19466;-54.3;-86.6;1;0.00;260;21;482.1;482.1;482.1
;61.0;19673;-54.0;-86.4;1;0.00;275;21;487.3;487.3;487.3
;59.0;19887;-53.6;-86.2;1;0.00;260;21;492.8;492.8;492.8
;53.0;20575;-52.5;-85.4;1;0.01;285;12;510.7;510.7;510.7
;51.9;20710;-52.3;-85.3;1;0.01;241;11;514.3;514.3;514.3
;51.0;20823;-53.1;-86.1;1;0.00;205;10;514.9;514.9;514.9
;50.0;20950;-54.1;-87.1;1;0.00;215;12;515.5;515.6;515.5
;48.0;21212;-55.1;-87.1;1;0.00;235;14;519.2;519.2;519.2
;47.4;21292;-53.7;-86.7;1;0.00;245;13;524.4;524.5;524.4
;45.6;21541;-54.5;-87.5;1;0.00;275;11;528.3;528.4;528.3
;45.0;21627;-54.2;-87.2;1;0.00;285;10;531.1;531.1;531.1
;44.0;21772;-53.6;-86.6;1;0.00;240;4;535.9;535.9;535.9
;40.6;22291;-51.7;-84.7;1;0.01;219;9;553.1;553.2;553.1
;40.0;22387;-51.9;-84.9;1;0.01;215;10;555.0;555.1;555.0
;39.0;22551;-52.2;-85.2;1;0.01;235;10;558.3;558.3;558.3
;38.7;22602;-52.3;-85.3;1;0.01;240;9;559.2;559.3;559.3
;32.0;23840;-50.5;-84.2;1;0.01;0;2;595.3;595.4;595.3
;30.0;24260;-49.9;-83.9;1;0.01;295;14;608.0;608.1;608.0
;29.4;24393;-49.5;-83.5;1;0.01;325;11;612.6;612.7;612.6
;29.0;24482;-49.6;-83.6;1;0.01;345;10;614.7;614.8;614.7
;28.0;24713;-49.9;-83.9;1;0.01;140;10;620.2;620.3;620.2
;27.9;24736;-49.9;-83.9;1;0.01;140;10;620.7;620.9;620.7
;24.0;25729;-47.9;-82.6;1;0.02;125;2;653.8;653.9;653.8
;23.0;26010;-47.4;-82.2;1;0.02;150;10;663.4;663.6;663.4
;22.2;26244;-46.9;-81.9;1;0.02;160;12;671.5;671.8;671.5
;21.0;26614;-45.7;-80.7;1;0.03;175;16;685.8;686.1;685.8
;20.0;26940;-44.7;-79.7;1;0.04;235;16;698.6;698.9;698.6
;19.0;27285;-43.4;-78.8;1;0.04;205;10;713.0;713.5;713.1
;17.7;27762;-41.5;-77.5;1;0.06;195;6;733.5;734.1;733.5
;17.0;28035;-41.4;-77.7;1;0.06;190;4;742.3;743.0;742.4
;16.0;28446;-41.3;-77.9;1;0.06;185;17;755.8;756.4;755.8
;15.0;28884;-41.1;-78.1;1;0.06;240;16;770.4;771.1;770.4
;13.0;29851;-42.9;-78.9;1;0.06;166;13;796.3;797.0;796.3
;11.0;30988;-38.4;-76.2;1;0.11;80;10;851.6;852.9;851.6
;10.8;31112;-37.9;-75.9;1;0.12;93;9;857.8;859.3;857.9
;10.0;31640;-39.5;-76.5;1;0.12;145;8;871.0;872.4;871.0
;9.9;31709;-39.7;-76.7;1;0.11;138;8;872.7;874.2;872.8
;9.2;32211;-38.3;-75.3;1;0.15;90;9;896.5;898.5;896.6