;998.0;153;31.8;13.8;34;10.03;150;6;305.1;335.5;307.0
;997.0;162;30.4;12.4;33;9.15;150;6;303.8;331.4;305.5
;989.0;234;29.2;14.2;40;10.39;152;6;303.3;334.5;305.2
;946.0;625;25.2;13.2;47;10.16;160;10;303.1;333.6;305.0
;931.0;766;23.8;12.8;50;10.07;174;10;303.1;333.3;304.9
;925.0;822;23.6;11.6;47;9.35;180;10;303.4;331.6;305.1
;850.0;1553;17.6;7.6;52;7.76;215;10;304.6;328.2;306.0
;843.0;1624;17.0;7.0;52;7.51;225;10;304.7;327.6;306.0
;838.0;1674;17.0;3.9;42;6.09;230;10;305.2;323.9;306.3
;830.0;1756;17.0;-1.0;29;4.30;237;9;306.0;319.6;306.8
;813.0;1932;16.0;-7.0;20;2.79;251;7;306.8;315.8;307.3
;789.0;2185;14.4;0.4;38;5.02;271;4;307.7;323.5;308.6
;773.0;2356;12.9;0.3;42;5.07;285;2;307.9;323.9;308.9
;720.0;2949;7.8;-0.2;57;5.27;253;3;308.6;325.1;309.6
;700.0;3181;6.2;-1.8;57;4.81;240;4;309.3;324.6;310.2
;682.0;3393;4.6;-4.0;54;4.18;290;4;309.8;323.1;310.6
;659.0;3672;2.4;-7.0;50;3.45;230;12;310.5;321.6;311.1
;649.0;3796;1.5;-8.3;48;3.16;255;10;310.7;321.0;311.3
;644.0;3859;1.0;-9.0;47;3.02;248;10;310.9;320.7;311.4
;639.0;3922;1.2;-15.8;27;1.76;241;10;311.8;317.7;312.1
;614.0;4239;-0.8;-22.9;17;1.00;205;10;313.1;316.6;313.3
;580.0;4693;-3.6;-33.0;8;0.41;240;16;314.9;316.4;315.0
;568.0;4859;-4.7;-36.7;6;0.29;237;16;315.5;316.6;315.6
;544.0;5195;-6.9;-37.6;7;0.28;230;17;316.8;317.9;316.9
;532.0;5368;-8.1;-38.0;7;0.27;210;17;317.4;318.5;317.5
;514.0;5635;-9.9;-38.7;7;0.26;220;16;318.4;319.4;318.5
;505.0;5773;-10.8;-39.1;8;0.26;235;21;318.9;319.9;319.0
;500.0;5850;-11.3;-39.3;8;0.25;230;23;319.2;320.2;319.2
;494.0;5941;-11.9;-39.0;9;0.27;230;25;319.5;320.6;319.6
;454.0;6575;-16.4;-36.8;15;0.36;235;17;321.8;323.2;321.9
;419.0;7178;-20.6;-34.8;27;0.48;205;17;323.8;325.7;323.9
;418.0;7196;-20.7;-34.7;27;0.48;206;17;323.9;325.7;324.0
;409.0;7357;-21.1;-41.1;15;0.26;213;17;325.4;326.4;325.4
;400.0;7520;-22.5;-42.5;14;0.23;220;17;325.7;326.6;325.7
;399.0;7538;-22.6;-42.6;14;0.23;220;17;325.7;326.6;325.7
;380.0;7889;-25.7;-44.4;16;0.19;205;17;326.3;327.1;326.3
;339.0;8710;-32.7;-48.7;19;0.14;234;14;327.5;328.1;327.6
;331.0;8878;-34.3;-40.3;54;0.35;240;14;327.6;328.9;327.6
;329.0;8920;-34.5;-39.0;64;0.40;234;13;327.9;329.4;327.9
;320.0;9113;-35.2;-46.8;30;0.18;205;12;329.4;330.2;329.5
;319.0;9135;-35.3;-47.7;27;0.16;195;12;329.6;330.3;329.7
;317.0;9179;-35.5;-49.5;22;0.13;194;12;330.0;330.5;330.0
;300.0;9560;-38.9;-49.9;30;0.13;185;14;330.4;331.0;330.4
;291.0;9768;-40.8;-50.5;35;0.13;180;14;330.6;331.1;330.6
;287.0;9863;-41.7;-50.7;37;0.13;188;15;330.6;331.2;330.7
;261.0;10501;-45.7;-56.8;28;0.07;245;25;333.9;334.2;333.9
;250.0;10790;-47.5;-59.5;24;0.05;240;17;335.3;335.5;335.3
;239.0;11081;-50.0;-60.2;29;0.05;235;21;336.0;336.2;336.0
;231.0;11300;-51.8;-60.6;34;0.05;250;16;336.4;336.6;336.4
;223.0;11528;-53.7;-61.2;40;0.05;240;12;336.9;337.1;336.9
;220.0;11615;-54.5;-61.4;42;0.04;245;10;337.1;337.3;337.1
;215.0;11764;-55.7;-61.7;47;0.04;253;11;337.4;337.6;337.4
;214.0;11793;-55.9;-62.1;46;0.04;255;12;337.6;337.8;337.6
;208.0;11973;-56.8;-64.3;38;0.03;230;16;338.9;339.0;338.9
;206.0;12034;-57.1;-65.1;36;0.03;230;19;339.3;339.4;339.3
;201.0;12189;-56.9;-65.8;32;0.03;240;31;342.0;342.1;342.0
;200.0;12220;-56.9;-65.9;31;0.03;240;31;342.5;342.6;342.5
;199.0;12252;-57.3;-66.3;31;0.03;239;30;342.4;342.5;342.4
;195.0;12382;-50.3;-65.3;15;0.03;236;24;355.5;355.7;355.5
;193.0;12450;-50.3;-73.9;4;0.01;235;21;356.6;356.6;356.6
;192.0;12484;-50.3;-78.3;2;0.00;236;21;357.1;357.1;357.1
;173.0;13163;-51.5;-84.5;1;0.00;263;21;365.9;365.9;365.9
;168.0;13352;-52.6;-85.3;1;0.00;270;21;367.1;367.1;367.1
;161.0;13626;-54.2;-86.6;1;0.00;245;12;368.9;368.9;368.9
;157.0;13788;-55.2;-87.3;1;0.00;210;16;369.9;369.9;369.9
;155.0;13871;-55.7;-87.7;1;0.00;217;17;370.4;370.4;370.4
;150.0;14080;-55.7;-87.7;1;0.00;235;21;373.9;373.9;373.9
;149.0;14123;-55.5;-87.5;1;0.00;240;19;375.0;375.0;375.0
;147.0;14209;-55.1;-87.1;1;0.00;235;18;377.1;377.1;377.1
;137.0;14655;-56.9;-88.5;1;0.00;210;14;381.6;381.6;381.6
;127.0;15135;-58.9;-90.0;1;0.00;235;14;386.4;386.4;386.4
;123.0;15338;-59.7;-90.7;1;0.00;195;10;388.4;388.4;388.4
;121.0;15441;-59.3;-90.3;1;0.00;195;10;391.0;391.0;391.0
;119.0;15546;-58.9;-89.9;1;0.00;225;16;393.6;393.6;393.6
;116.0;15706;-58.3;-89.3;1;0.00;240;10;397.6;397.6;397.6
;112.0;15927;-58.8;-89.8;1;0.00;240;4;400.6;400.6;400.6
;107.0;16214;-59.5;-90.5;1;0.00;224;5;404.6;404.6;404.6
;100.0;16640;-58.1;-89.1;1;0.00;200;8;415.2;415.2;415.2
;97.7;16787;-57.5;-89.5;1;0.00;175;9;419.1;419.1;419.1
;92.0;17165;-58.6;-89.9;1;0.00;110;12;424.2;424.3;424.2
;89.4;17345;-59.1;-90.1;1;0.00;143;11;426.7;426.7;426.7
;87.0;17516;-58.7;-90.0;1;0.00;175;10;430.8;430.8;430.8
;83.0;17812;-58.1;-89.8;1;0.00;185;12;437.9;437.9;437.9
;80.4;18012;-57.7;-89.7;1;0.00;211;11;442.7;442.7;442.7
;78.0;18202;-58.4;-90.1;1;0.00;235;10;445.0;445.0;445.0
;74.1;18524;-59.7;-90.7;1;0.00;173;5;449.0;449.0;449.0
;73.0;18617;-59.5;-90.5;1;0.00;155;4;451.3;451.3;451.3
;70.0;18880;-58.9;-89.9;1;0.00;120;8;458.0;458.0;458.0
;69.0;18971;-58.5;-89.7;1;0.00;110;10;460.7;460.7;460.7
;64.4;19405;-56.7;-88.7;1;0.00;122;10;473.9;473.9;473.9
;60.0;19850;-58.5;-89.8;1;0.00;135;10;479.6;479.6;479.6
;58.1;20052;-59.3;-90.3;1;0.00;126;13;482.2;482.2;482.2
;58.0;20063;-59.3;-90.3;1;0.00;125;14;482.5;482.5;482.5
;57.0;20172;-58.8;-90.0;1;0.00;140;12;485.9;485.9;485.9
;55.0;20396;-58.0;-89.6;1;0.00;85;10;492.9;492.9;492.9
;53.1;20617;-57.1;-89.1;1;0.00;109;15;499.8;499.8;499.8
;53.0;20629;-56.8;-88.8;1;0.00;110;16;500.7;500.7;500.7
;52.3;20713;-54.9;-86.9;1;0.00;96;17;507.1;507.1;507.1
;52.0;20750;-55.0;-87.0;1;0.00;90;17;507.8;507.9;507.8
;50.0;21000;-55.3;-87.3;1;0.00;100;19;512.7;512.8;512.7
;49.0;21130;-54.8;-87.0;1;0.00;85;16;517.0;517.0;517.0
;46.0;21535;-53.1;-86.0;1;0.01;90;21;530.5;530.5;530.5
;45.7;21577;-52.9;-85.9;1;0.01;94;23;531.9;531.9;531.9
;45.0;21677;-52.8;-85.8;1;0.01;105;25;534.5;534.5;534.5
;42.0;22125;-52.3;-85.5;1;0.01;140;16;546.2;546.3;546.2
;41.0;22282;-52.2;-85.4;1;0.01;115;12;550.4;550.5;550.4
;40.0;22442;-52.0;-85.3;1;0.01;150;10;554.7;554.8;554.7
;39.0;22606;-51.9;-85.2;1;0.01;145;4;559.2;559.2;559.2
;37.0;22948;-51.5;-85.0;1;0.01;100;14;568.5;568.6;568.5
;34.0;23497;-50.9;-84.6;1;0.01;105;17;583.9;584.0;583.9
;33.0;23691;-50.7;-84.5;1;0.01;95;21;589.5;589.5;589.5
;30.0;24310;-50.1;-84.1;1;0.01;110;17;607.5;607.6;607.5
;28.8;24577;-49.7;-83.7;1;0.01;92;19;615.7;615.8;615.7
;28.0;24761;-50.0;-84.0;1;0.01;80;19;619.7;619.8;619.7
;27.0;24999;-50.5;-84.5;1;0.01;91;23;624.9;625.0;624.9
;25.1;25477;-48.7;-82.7;1;0.02;114;29;643.2;643.4;643.2
;25.0;25504;-48.4;-82.5;1;0.02;115;29;644.7;644.9;644.7
;24.0;25774;-45.7;-80.7;1;0.02;95;21;660.2;660.5;660.2
;23.1;26028;-46.5;-81.5;1;0.02;108;34;665.1;665.3;665.1
;23.0;26057;-46.4;-81.5;1;0.02;110;35;666.1;666.4;666.1
;21.0;26664;-45.2;-80.8;1;0.03;95;35;687.5;687.8;687.5
;20.0;26990;-44.5;-80.5;1;0.03;115;25;699.2;699.5;699.2
;19.1;27299;-42.7;-78.7;1;0.04;97;30;714.0;714.5;714.0
;19.0;27335;-42.6;-78.7;1;0.04;95;31;715.2;715.7;715.3
;17.0;28090;-41.6;-78.0;1;0.05;100;31;741.7;742.3;741.7
;15.0;28939;-40.4;-77.3;1;0.07;110;19;772.6;773.4;772.7
;14.5;29169;-40.1;-77.1;1;0.07;115;16;781.2;782.1;781.2
;14.0;29407;-41.1;-77.7;1;0.07;120;12;785.8;786.6;785.8
;13.2;29806;-42.7;-78.7;1;0.06;116;18;793.5;794.2;793.5
;13.0;29910;-42.5;-78.6;1;0.06;115;19;797.6;798.4;797.6
;12.0;30453;-41.6;-77.9;1;0.08;95;19;819.5;820.4;819.5
;11.0;31044;-40.5;-77.2;1;0.09;110;25;843.9;845.0;843.9
;10.1;31624;-39.5;-76.5;1;0.11;106;27;868.5;869.9;868.5
