;1018.0;11;19.8;16.5;81;11.73;45;12;291.5;324.8;293.5
;1014.0;44;18.2;15.8;86;11.25;54;11;290.2;322.0;292.2
;1000.0;162;18.2;14.3;78;10.34;85;10;291.4;320.8;293.2
;992.0;231;17.6;14.3;81;10.43;95;10;291.4;321.1;293.2
;958.0;530;14.8;14.3;97;10.80;119;11;291.5;322.3;293.4
;946.0;637;14.8;10.1;73;8.26;128;11;292.6;316.4;294.0
;937.0;718;15.2;3.7;46;5.37;135;12;293.7;309.6;294.7
;927.0;810;15.6;-3.4;27;3.22;139;12;295.1;304.9;295.6
;925.0;828;15.4;-2.6;29;3.43;140;12;295.1;305.5;295.7
;880.0;1249;14.2;-8.5;20;2.29;120;10;298.1;305.3;298.5
;878.0;1268;14.2;-8.8;19;2.25;118;9;298.2;305.3;298.6
;873.0;1316;14.2;-0.8;36;4.15;113;8;298.7;311.4;299.5
;860.0;1443;13.3;-0.6;38;4.28;100;4;299.1;312.2;299.8
;850.0;1541;12.6;-0.4;41;4.39;120;8;299.3;312.8;300.1
;845.0;1591;12.2;4.2;58;6.15;121;8;299.4;317.9;300.5
;815.0;1893;10.0;1.0;54;5.07;129;8;300.2;315.6;301.1
;700.0;3138;0.8;-4.2;69;4.02;160;10;303.3;315.9;304.1
;697.0;3173;0.6;-3.4;75;4.29;163;10;303.5;316.8;304.3
;680.0;3370;-0.7;-8.7;55;2.93;178;10;304.2;313.5;304.7
;678.0;3394;-0.9;-8.6;56;2.97;180;10;304.2;313.7;304.8
;646.0;3778;-3.9;-6.1;85;3.77;168;11;305.1;316.9;305.8
;645.0;3790;-4.1;-6.4;84;3.69;167;11;305.0;316.6;305.6
;627.0;4013;-5.5;-9.4;74;3.01;160;12;305.8;315.4;306.4
;623.0;4064;-5.7;-11.7;63;2.52;172;12;306.2;314.3;306.6
;621.0;4089;-5.3;-23.3;23;0.95;178;12;306.9;310.2;307.1
;617.0;4140;-5.5;-24.5;21;0.86;190;12;307.2;310.2;307.4
;613.0;4191;-5.7;-25.7;19;0.77;185;12;307.6;310.3;307.7
;601.0;4345;-7.0;-18.0;41;1.55;170;12;307.9;313.1;308.2
;592.0;4463;-7.9;-12.2;71;2.55;179;11;308.1;316.4;308.6
;586.0;4542;-8.3;-13.1;68;2.39;185;10;308.6;316.4;309.0
;573.0;4716;-9.1;-15.1;62;2.08;165;16;309.6;316.5;310.0
;566.0;4811;-9.5;-22.5;34;1.12;174;14;310.2;314.1;310.4
;564.0;4838;-9.5;-27.5;22;0.71;177;14;310.5;313.0;310.7
;553.0;4990;-10.5;-15.3;68;2.12;192;12;311.1;318.1;311.5
;551.0;5018;-10.7;-15.7;66;2.05;195;12;311.2;318.0;311.6
;544.0;5117;-11.3;-17.3;61;1.82;182;12;311.6;317.7;311.9
;538.0;5202;-11.3;-24.1;34;1.01;170;12;312.6;316.1;312.8
;537.0;5216;-11.3;-25.3;30;0.92;173;11;312.8;316.0;312.9
;527.0;5360;-12.4;-23.9;38;1.06;200;10;313.1;316.9;313.4
;518.0;5491;-13.3;-22.6;46;1.21;180;12;313.5;317.7;313.8
;513.0;5565;-13.9;-21.9;51;1.30;176;11;313.7;318.2;314.0
;500.0;5760;-14.3;-34.3;17;0.42;165;10;315.5;317.1;315.6
;496.0;5821;-14.7;-36.7;14;0.33;163;10;315.8;317.0;315.8
;494.0;5851;-14.9;-33.9;18;0.44;163;10;315.9;317.5;316.0
;488.0;5943;-15.7;-32.6;22;0.51;160;10;316.1;317.9;316.2
;470.0;6224;-18.0;-28.7;39;0.77;195;10;316.6;319.4;316.8
;458.0;6418;-19.6;-26.0;57;1.01;185;12;317.0;320.6;317.2
;451.0;6533;-20.5;-24.4;71;1.18;191;12;317.2;321.4;317.4
;441.0;6699;-21.7;-28.3;55;0.85;200;12;317.7;320.8;317.9
;436.0;6783;-22.3;-30.3;48;0.71;199;12;318.0;320.6;318.1
;433.0;6834;-22.7;-26.1;74;1.06;198;12;318.1;321.9;318.3
;424.0;6987;-24.1;-30.1;58;0.74;196;13;318.2;320.9;318.4
;420.0;7056;-24.6;-29.2;66;0.81;195;14;318.4;321.3;318.6
;411.0;7214;-25.9;-27.3;88;1.00;212;15;318.8;322.3;319.0
;407.0;7285;-26.3;-29.4;75;0.83;220;16;319.1;322.1;319.3
;400.0;7410;-27.1;-33.1;57;0.59;220;12;319.7;321.9;319.8
;388.0;7628;-28.1;-45.1;18;0.18;220;10;321.2;321.9;321.2
;387.0;7647;-28.2;-43.3;22;0.22;220;10;321.2;322.1;321.2
;384.0;7703;-28.7;-37.7;42;0.39;228;10;321.3;322.8;321.4
;378.0;7815;-29.7;-42.7;27;0.24;244;12;321.5;322.4;321.5
;372.0;7927;-30.7;-41.9;33;0.26;260;14;321.6;322.6;321.6
;363.0;8099;-32.3;-40.7;43;0.30;270;10;321.7;322.9;321.8
;348.0;8395;-35.0;-38.6;70;0.39;280;19;322.0;323.5;322.1
;341.0;8537;-36.3;-37.6;88;0.44;275;20;322.1;323.8;322.2
;323.0;8907;-39.4;-41.0;84;0.33;260;23;322.9;324.2;323.0
;314.0;9099;-40.9;-42.8;82;0.28;250;21;323.3;324.4;323.4
;300.0;9410;-43.5;-45.7;79;0.21;255;21;323.9;324.8;324.0
;295.0;9522;-44.5;-46.5;80;0.20;255;21;324.1;324.9;324.1
;281.0;9846;-46.5;-57.5;27;0.06;255;19;325.7;326.0;325.8
;273.0;10035;-47.8;-58.8;27;0.05;255;17;326.5;326.7;326.5
;256.0;10455;-50.8;-61.8;26;0.04;235;14;328.2;328.3;328.2
;250.0;10610;-51.9;-62.9;25;0.03;205;14;328.8;328.9;328.8
;249.0;10636;-52.1;-63.0;26;0.03;205;14;328.9;329.1;328.9
;240.0;10874;-53.5;-63.4;29;0.03;195;16;330.2;330.3;330.2
;233.0;11065;-54.7;-63.7;32;0.03;212;18;331.2;331.4;331.2
;228.0;11204;-55.2;-64.7;30;0.03;225;19;332.5;332.7;332.5
;215.0;11579;-56.5;-67.5;24;0.02;200;17;336.1;336.2;336.1
;213.0;11639;-56.5;-68.0;22;0.02;195;17;337.0;337.1;337.0
;205.0;11883;-56.5;-70.1;16;0.01;225;21;340.7;340.8;340.7
;200.0;12040;-56.5;-71.5;13;0.01;225;16;343.1;343.2;343.1
;195.0;12201;-55.6;-72.9;10;0.01;210;14;347.1;347.1;347.1
;188.0;12433;-54.3;-74.8;6;0.01;235;25;352.8;352.9;352.8
;186.0;12501;-53.9;-75.4;5;0.01;245;23;354.5;354.6;354.5
;185.0;12536;-53.7;-75.7;5;0.01;241;23;355.4;355.4;355.4
;180.0;12710;-54.0;-76.5;5;0.01;220;19;357.7;357.7;357.7
;168.0;13149;-54.8;-78.6;4;0.00;245;16;363.5;363.5;363.5
;161.0;13420;-55.3;-79.9;3;0.00;225;17;367.1;367.1;367.1
;154.0;13703;-55.8;-81.3;3;0.00;250;16;370.9;371.0;370.9
;150.0;13870;-56.1;-82.1;2;0.00;240;14;373.2;373.2;373.2
;148.0;13955;-56.2;-82.2;2;0.00;245;14;374.5;374.5;374.5
;145.0;14085;-56.4;-82.4;2;0.00;220;14;376.4;376.4;376.4
;136.0;14492;-56.9;-82.9;2;0.00;260;17;382.4;382.4;382.4
;135.0;14539;-56.9;-83.0;2;0.00;265;17;383.3;383.3;383.3
;132.0;14682;-56.7;-83.1;2;0.00;270;14;386.0;386.0;386.0
;128.0;14878;-56.5;-83.3;2;0.00;240;10;389.8;389.8;389.8
;127.0;14928;-56.5;-83.3;2;0.00;230;10;390.8;390.8;390.8
;123.0;15132;-56.2;-83.5;2;0.00;235;17;394.7;394.7;394.7
;117.0;15450;-55.9;-83.9;2;0.00;275;19;401.0;401.0;401.0
;114.0;15616;-55.8;-84.0;2;0.00;300;12;404.3;404.3;404.3
;109.0;15901;-55.5;-84.3;2;0.00;245;2;410.1;410.1;410.1
;105.0;16139;-55.2;-84.6;1;0.00;225;10;414.9;415.0;414.9
;103.0;16262;-55.1;-84.7;1;0.00;250;16;417.5;417.5;417.5
;100.0;16450;-54.9;-84.9;1;0.00;250;19;421.4;421.4;421.4
;96.0;16711;-54.8;-85.0;1;0.00;275;16;426.4;426.5;426.4
;94.0;16846;-54.8;-85.0;1;0.00;275;10;429.1;429.1;429.1
;83.0;17641;-54.6;-85.1;1;0.00;215;2;445.1;445.1;445.1
;81.0;17797;-54.5;-85.1;1;0.00;145;10;448.2;448.3;448.2
;76.0;18204;-54.4;-85.2;1;0.00;230;17;456.7;456.7;456.7
;73.0;18462;-54.4;-85.2;1;0.00;255;10;462.1;462.2;462.1
;71.0;18639;-54.3;-85.3;1;0.00;0;0;465.9;465.9;465.9
;70.0;18730;-54.3;-85.3;1;0.00;145;6;467.9;467.9;467.9
;68.0;18915;-54.4;-85.3;1;0.00;190;10;471.5;471.6;471.5
;67.0;19010;-54.5;-85.3;1;0.00;195;10;473.4;473.4;473.4
;66.0;19106;-54.5;-85.3;1;0.00;165;10;475.3;475.4;475.3
;65.0;19204;-54.6;-85.3;1;0.00;175;14;477.3;477.3;477.3
;52.0;20629;-55.4;-85.5;1;0.01;315;10;506.9;506.9;506.9
;50.0;20880;-55.5;-85.5;1;0.01;90;2;512.2;512.3;512.2
;42.0;21993;-55.8;-86.4;1;0.01;0;0;537.8;537.8;537.8
;39.0;22466;-55.9;-86.8;1;0.01;80;10;549.0;549.0;549.0
;38.3;22582;-55.9;-86.9;1;0.01;108;10;551.8;551.8;551.8
;38.0;22632;-55.8;-86.8;1;0.01;120;10;553.2;553.3;553.2
;33.0;23538;-54.2;-85.8;1;0.01;170;2;580.3;580.4;580.3
;30.0;24150;-53.1;-85.1;1;0.01;20;6;599.3;599.4;599.3
;26.0;25071;-52.8;-85.1;1;0.01;65;10;625.3;625.4;625.3
;25.0;25324;-52.6;-85.1;1;0.01;100;12;632.6;632.7;632.6
;23.0;25860;-52.4;-85.1;1;0.01;95;14;648.5;648.6;648.5
;21.0;26446;-52.2;-85.1;1;0.01;120;16;666.2;666.4;666.2
;20.0;26760;-52.1;-85.1;1;0.01;135;12;675.9;676.1;676.0
;19.0;27094;-51.8;-84.9;1;0.02;80;10;686.9;687.1;686.9
;18.0;27447;-51.4;-84.8;1;0.02;100;14;698.7;698.9;698.7
;17.0;27819;-51.1;-84.6;1;0.02;0;0;711.3;711.5;711.3
;14.5;28856;-50.1;-84.1;1;0.02;323;3;747.7;748.0;747.7
;10.0;31310;-46.3;-82.3;1;0.05;235;10;845.6;846.2;845.6
;9.4;31721;-45.9;-81.9;1;0.05;235;10;862.2;862.9;862.2
;9.0;32013;-44.6;-81.4;1;0.06;235;10;878.1;878.9;878.2
;8.1;32721;-41.3;-80.3;1;0.08;289;15;917.9;919.0;917.9