;1013.0;4;26.2;19.2;65;14.02;75;6;298.2;339.2;300.8
;1000.0;122;26.2;17.2;58;12.50;70;16;299.4;336.1;301.6
;997.0;148;26.2;16.3;54;11.83;70;16;299.6;334.5;301.7
;990.0;211;26.2;14.2;48;10.38;77;15;300.2;331.0;302.1
;976.0;336;25.2;17.2;61;12.81;90;14;300.4;338.2;302.7
;965.0;436;26.6;13.6;45;10.24;100;13;302.8;333.5;304.7
;940.0;667;25.5;10.6;39;8.62;125;10;304.0;330.1;305.5
;928.0;780;24.9;9.2;37;7.91;150;13;304.5;328.6;306.0
;925.0;808;24.8;8.8;36;7.74;150;13;304.7;328.2;306.1
;910.0;951;24.2;7.2;34;7.05;155;14;305.5;327.1;306.8
;890.0;1145;22.8;6.8;36;7.01;161;15;306.0;327.5;307.3
;850.0;1543;19.2;7.2;46;7.55;175;17;306.2;329.4;307.6
;792.0;2139;13.9;5.9;58;7.39;190;21;306.8;329.6;308.2
;732.0;2803;8.0;4.4;78;7.21;200;23;307.4;329.6;308.7
;723.0;2906;7.4;2.4;71;6.33;201;23;307.8;327.5;309.0
;700.0;3171;5.0;3.1;88;6.88;205;24;308.0;329.3;309.3
;690.0;3289;4.0;3.1;94;6.98;203;26;308.1;329.8;309.4
;688.0;3312;3.8;3.0;95;6.95;203;27;308.2;329.7;309.5
;673.0;3490;2.4;1.6;95;6.45;200;30;308.6;328.6;309.8
;622.0;4125;-2.5;-3.2;95;4.88;211;32;310.0;325.4;310.9
;614.0;4228;-2.9;-6.1;79;3.97;212;32;310.7;323.4;311.4
;597.0;4451;-4.9;-5.8;93;4.18;216;33;310.9;324.2;311.6
;593.0;4504;-4.7;-4.7;100;4.57;217;33;311.7;326.3;312.5
;558.0;4979;-7.7;-7.8;98;3.82;225;34;313.7;326.1;314.4
;524.0;5469;-10.7;-11.1;97;3.14;214;31;315.7;326.1;316.3
;514.0;5618;-11.4;-12.4;92;2.88;210;30;316.6;326.2;317.2
;500.0;5830;-12.3;-14.3;85;2.54;220;29;318.0;326.6;318.5
;498.0;5860;-12.4;-14.7;84;2.48;220;29;318.2;326.6;318.6
;464.0;6397;-14.9;-20.9;60;1.57;217;31;321.6;327.1;321.9
;453.0;6577;-15.9;-26.9;38;0.94;216;32;322.6;326.0;322.8
;443.0;6745;-16.7;-21.7;65;1.53;215;33;323.6;329.1;323.9
;408.0;7355;-21.7;-28.7;53;0.88;211;35;324.9;328.1;325.0
;400.0;7500;-22.9;-27.9;64;0.97;210;36;325.1;328.7;325.3
;373.0;8008;-27.5;-30.3;77;0.83;207;30;325.6;328.7;325.8
;357.0;8322;-29.5;-35.4;56;0.53;205;27;327.1;329.1;327.2
;352.0;8423;-30.1;-37.1;50;0.45;201;29;327.5;329.3;327.6
;343.0;8606;-31.6;-39.1;48;0.38;195;33;327.9;329.4;328.0
;333.0;8815;-33.3;-41.3;44;0.31;197;33;328.4;329.6;328.4
;327.0;8943;-34.5;-39.5;60;0.38;199;33;328.4;329.9;328.5
;308.0;9359;-37.3;-46.3;39;0.20;203;34;330.2;331.0;330.2
;300.0;9540;-39.3;-47.3;42;0.18;205;34;329.9;330.6;329.9
;281.0;9984;-43.3;-49.3;51;0.15;205;40;330.3;331.0;330.4
;276.0;10105;-44.1;-52.1;41;0.11;205;42;330.9;331.4;330.9
;267.0;10325;-46.1;-52.0;51;0.12;205;45;331.1;331.6;331.1
;261.0;10476;-47.5;-52.0;59;0.12;220;44;331.3;331.8;331.3
;260.0;10502;-47.7;-52.0;61;0.12;219;44;331.3;331.8;331.3
;250.0;10760;-49.1;-54.1;56;0.10;210;40;332.9;333.4;333.0
;247.0;10839;-49.5;-54.5;56;0.09;214;40;333.5;333.9;333.5
;244.0;10919;-50.1;-58.1;38;0.06;217;40;333.8;334.0;333.8
;242.0;10973;-50.6;-57.6;43;0.07;220;40;333.9;334.1;333.9
;238.0;11081;-51.5;-56.5;55;0.08;214;40;334.0;334.4;334.1
;236.0;11136;-52.1;-58.1;48;0.06;211;40;333.9;334.2;333.9
;233.0;11219;-51.5;-61.5;29;0.04;207;40;336.1;336.2;336.1
;226.0;11417;-52.7;-61.7;33;0.04;196;41;337.2;337.4;337.2
;222.0;11532;-53.1;-61.3;36;0.04;190;41;338.3;338.5;338.3
;216.0;11708;-53.7;-60.7;42;0.05;200;41;340.0;340.2;340.0
;212.0;11828;-54.5;-62.5;37;0.04;207;40;340.6;340.8;340.6
;210.0;11889;-55.3;-64.3;32;0.03;210;40;340.3;340.4;340.3
;205.0;12043;-55.3;-72.3;10;0.01;210;35;342.6;342.7;342.6
;203.0;12105;-55.5;-71.3;12;0.01;210;33;343.3;343.4;343.3
;200.0;12200;-55.7;-69.7;16;0.02;215;34;344.4;344.5;344.4
;199.0;12232;-55.7;-68.7;18;0.02;216;35;344.9;345.0;344.9
;191.0;12496;-51.7;-76.7;3;0.01;224;40;355.4;355.4;355.4
;190.0;12530;-51.6;-77.1;3;0.01;225;41;356.1;356.1;356.1
;182.0;12810;-50.8;-80.5;2;0.00;220;40;361.9;361.9;361.9
;178.0;12954;-50.3;-82.2;1;0.00;230;43;364.9;364.9;364.9
;176.0;13028;-50.1;-83.1;1;0.00;234;41;366.4;366.4;366.4
;173.0;13139;-50.7;-83.5;1;0.00;240;38;367.3;367.3;367.3
;168.0;13328;-51.6;-84.3;1;0.00;225;19;368.8;368.8;368.8
;160.0;13643;-53.2;-85.6;1;0.00;195;24;371.3;371.3;371.3
;153.0;13932;-54.7;-86.8;1;0.00;205;31;373.6;373.6;373.6
;150.0;14060;-55.3;-87.3;1;0.00;215;29;374.6;374.6;374.6
;148.0;14145;-55.6;-87.4;1;0.00;220;27;375.6;375.6;375.6
;142.0;14408;-56.4;-87.9;1;0.00;200;20;378.6;378.6;378.6
;136.0;14682;-57.3;-88.3;1;0.00;210;23;381.7;381.7;381.7
;134.0;14775;-57.4;-88.4;1;0.00;210;23;383.2;383.2;383.2
;123.0;15315;-57.7;-88.7;1;0.00;200;21;392.1;392.1;392.1
;118.0;15577;-57.9;-88.8;1;0.00;220;20;396.5;396.5;396.5
;116.0;15685;-57.9;-88.9;1;0.00;215;16;398.3;398.3;398.3
;114.0;15794;-58.0;-89.0;1;0.00;170;11;400.1;400.2;400.1
;103.0;16434;-58.4;-89.4;1;0.00;220;14;411.2;411.2;411.2
;100.0;16620;-58.5;-89.5;1;0.00;210;13;414.4;414.4;414.4
;98.0;16747;-58.7;-89.7;1;0.00;185;13;416.5;416.5;416.5
;85.9;17578;-59.7;-90.7;1;0.00;174;9;430.4;430.4;430.4
;82.0;17871;-59.3;-90.3;1;0.00;170;8;436.9;436.9;436.9
;79.0;18107;-59.0;-90.0;1;0.00;155;14;442.2;442.2;442.2
;76.0;18351;-58.7;-89.7;1;0.00;180;13;447.7;447.7;447.7
;74.0;18519;-58.5;-89.5;1;0.00;140;12;451.6;451.6;451.6
;71.0;18780;-58.2;-89.2;1;0.00;135;12;457.6;457.7;457.6
;70.0;18870;-58.1;-89.1;1;0.00;150;15;459.7;459.8;459.7
;69.0;18962;-57.9;-89.0;1;0.00;155;15;462.0;462.0;462.0
;68.0;19054;-57.7;-88.9;1;0.00;140;15;464.3;464.4;464.3
;64.0;19440;-57.0;-88.5;1;0.00;150;12;474.1;474.1;474.1
;63.0;19540;-56.8;-88.4;1;0.00;120;11;476.7;476.7;476.7
;60.0;19850;-56.2;-88.1;1;0.00;135;22;484.7;484.8;484.7
;58.0;20066;-55.8;-87.9;1;0.00;150;15;490.4;490.4;490.4
;56.0;20289;-55.3;-87.6;1;0.00;115;10;496.4;496.4;496.4
;55.0;20404;-55.1;-87.5;1;0.00;130;12;499.4;499.4;499.4
;52.0;20761;-54.4;-87.2;1;0.00;95;13;509.1;509.2;509.1
;51.0;20884;-54.1;-87.0;1;0.00;115;10;512.5;512.6;512.5
;50.0;21010;-53.9;-86.9;1;0.00;160;6;516.0;516.0;516.0
;49.0;21140;-53.8;-86.8;1;0.00;120;3;519.3;519.3;519.3
;48.0;21273;-53.7;-86.7;1;0.00;75;10;522.6;522.6;522.6
;46.0;21547;-53.4;-86.4;1;0.00;110;17;529.6;529.6;529.6
;44.0;21833;-53.2;-86.2;1;0.01;125;22;537.0;537.0;537.0
;40.3;22398;-52.7;-85.7;1;0.01;116;17;551.8;551.9;551.8